**For images which I was not able to predict the Total Amount I have just written the average of all the total amounts.**
[47.09,
 39.15514285714286,
 39.714502040816335,
 12.11,
 40.28185206997085,
 134.0,
 13.13,
 40.85730709954187,
 25.94,
 41.440982915249606,
 25.47,
 84.8,
 42.03299695689603,
 42.63346834199454,
 43.24251788973732,
 43.860268145305,
 44.48684340452364,
 45.12236973887398,
 45.76697502085789,
 46.42078894972729,
 74.49,
 13.53,
 7.0,
 47.08394307758054,
 66.89,
 47.75657083583169,
 48.43880756205786,
 49.13079052723011,
 780.45,
 6.59,
 31.45,
 49.8326589633334,
 50.54455409138102,
 51.266619149829324,
 22.4,
 117.0,
 42.16,
 51.99899942339831,
 52.741842272304005,
 53.49529716190835,
 100.26,
 523.0,
 11.15,
 16.55,
 55.38,
 54.259515692792746,
 55.03465163126122,
 55.82086094027923,
 56.618301810854646,
 49.5,
 57.427134693866854,
 58.24752233235066,
 59.0796297942414,
 59.923624505587696,
 193.35,
 60.77967628423895,
 49.5,
 50.38,
 61.6479573740138,
 62.52864247935685,
 118.46,
 63.42190880049051,
 37.29,
 64.32793606906894,
 65.24690658434135,
 31.54,
 66.17900524983195,
 67.12441961054382,
 68.08333989069445,
 69.05595903199008]